1,a,1,2,0,3,A,0,0
2,b,2,4,0,6,A,0,0
3,c,2,4,0,6,A,0,0
4,d,2,4,0,6,A,0,0
5,e,2,4,0,6,A,0,0
6,f,2,4,0,6,A,0,0
7,g,2,4,0,6,A,0,0
8,h,2,4,0,6,A,0,0
9,i,2,4,0,6,A,0,0
10,j,2,4,0,6,A,0,0
11,k,2,4,0,6,A,0,0
12,l,2,4,0,6,A,0,0
13,m,2,4,0,6,A,0,0
14,n,2,4,0,6,A,0,0
15,o,2,4,0,6,A,0,0
16,p,1,2,0,3,A,0,0
17,aa,2,1,0,3,D,0,0
18,bb,3,2,0,5,D,0,0
19,cc,3,2,0,5,D,0,0
20,dd,3,2,0,5,D,0,0
21,ee,3,2,0,5,D,0,0
22,ff,3,2,0,5,D,0,0
23,gg,3,2,0,5,D,0,0
24,hh,3,2,0,5,D,0,0
25,ii,3,2,0,5,D,0,0
26,jj,3,2,0,5,D,0,0
27,kk,3,2,0,5,D,0,0
28,ll,3,2,0,5,D,0,0
29,mm,3,2,0,5,D,0,0
30,nn,3,2,0,5,D,0,0
31,oo,3,2,0,5,D,0,0
32,pp,2,1,0,3,D,0,0
